latitude: 45.37767355737077
longitude: -71.92495310609306
altitude: 170
x_offset: 7.5
y_offset: 5.0
z_offset: 0